10000
6838
5758
113
7515
1051
5627
3010
7419
6212
4086
2749
2767
9084
2060
2225
7543
5089
1183
5137
5566
6966
4978
495
311
1367
54
7031
3145
9882
5736
524
8505
8394
2102
4851
9067
2754
1653
6561
7096
3628
5188
2085
4143
6967
1406
4165
3403
5562
4834
1353
920
444
4803
7962
9318
1422
1327
457
1945
4479
9983
8751
3894
8670
8259
6248
7757
5629
3306
8606
3990
1738
2516
1414
5262
7116
2825
3181
3134
5343
8022
1233
7536
9760
9979
9071
1201
1336
3061
2160
4005
729
7644
7475
1693
5514
4139
2088
6521
5202
9171
4434
8317
4582
6815
4586
9653
6306
7174
8451
3448
6473
2434
8193
4110
4748
8210
9320
2049
2956
4162
4166
4997
7793
2310
1391
9799
7926
4905
5885
2582
5610
5000
8052
965
120
2380
5639
6204
4385
2475
5725
7265
3214
9471
1376
4697
5543
3297
4619
3087
3123
1549
8065
4256
8973
901
5613
6157
9899
9267
2413
9598
8526
3711
46
4566
8536
5988
9878
3626
4273
8387
1171
2017
3752
2388
1191
1483
8122
1744
8528
5585
5363
159
5641
8176
9575
8578
7363
7685
9344
9489
7713
5511
1461
2626
8645
3496
6703
6270
3870
1529
7499
4500
8607
5808
5725
2457
6542
6474
1531
7222
3952
7024
9894
4015
8247
1276
6278
9365
8746
1976
8092
5851
9088
9163
2231
6233
9732
1106
5411
9874
5448
9344
7589
7574
1191
6789
695
1735
364
7040
7892
5035
6979
1092
850
2390
195
668
531
9989
2281
3902
2970
2186
9571
3680
7261
6187
8529
4190
446
4233
3708
1863
6681
6001
2499
3786
5214
5829
1322
5907
9628
3192
7505
5990
129
875
9829
1591
2388
6042
9833
1775
4719
342
8994
1392
509
1313
677
1282
1511
4795
3474
6469
2750
879
989
134
9752
8364
4880
5629
2235
1332
4145
3356
5243
3079
3988
807
4979
1357
914
1187
3540
4022
149
609
9009
4833
6696
5432
4999
8863
6369
8676
4077
7701
1691
9840
8703
6515
2229
2420
9817
6264
9324
9343
1462
8929
3546
7043
8967
325
2683
5634
6322
6642
5395
1612
2864
9910
1985
3126
3988
685
6978
1050
6476
6365
1126
4193
8681
1011
3058
1249
1247
4731
8650
774
7980
833
7868
7778
3624
1115
1645
5892
9408
7939
7285
6202
8018
1334
4058
7062
3784
1901
6684
4289
7141
6702
6853
3458
8528
3363
1087
9052
1235
5109
7075
1755
675
288
2053
4157
5758
5222
7488
8945
294
1200
5171
4305
7951
6601
3608
7214
6377
3865
5369
7215
8030
177
6849
1337
2699
3099
8531
1517
7567
8479
9966
2597
4885
2341
5227
7149
785
9615
6476
753
4236
7730
9668
1210
7519
7608
5142
6999
449
4246
8638
2941
2481
3726
6738
6047
8947
3300
1639
7996
3866
4785
7571
5356
2633
7289
551
312
4426
7357
8056
6252
410
2384
4353
2029
3579
7882
1882
1577
1368
1502
8902
1012
1365
379
4256
9244
7870
3365
9619
7665
1293
9441
9484
2759
5400
6211
4144
5335
2704
2520
3789
2121
1913
3571
2369
2770
1594
887
8093
2317
1188
7640
4295
2490
5859
3106
4786
7097
5062
7943
1247
2292
6846
3962
8479
7584
1352
2044
1695
6498
4714
9737
7346
8482
4064
4946
9822
9265
2868
2792
3990
9561
6959
9917
9754
2104
5745
347
5825
1980
8338
2465
5490
4541
599
8097
6677
510
5347
4667
6316
673
8163
4647
2817
9965
8871
6485
6846
9937
6241
5861
4670
8166
6879
7445
407
1638
1113
1101
2516
8014
3898
1452
8117
1364
2926
465
3845
5032
1696
8585
3455
92
8288
1755
9167
7412
5030
1717
4842
8572
6393
7828
1805
3660
5838
9046
8182
3772
2354
5377
4885
2759
2934
1903
6159
6145
45
6847
7401
9783
4167
781
4287
2347
3402
9964
4711
637
693
9417
937
4313
5541
2528
3019
1618
3716
5402
6270
8242
8468
2045
602
8286
559
2674
5146
1019
1243
197
6870
7908
448
7327
8485
7622
4890
883
943
1201
701
4682
3524
8895
7276
4798
2511
5522
4311
5209
6359
2912
8759
7148
6683
2877
8571
2334
6331
7324
577
635
6663
7061
451
9544
6984
8693
9975
519
1472
9641
9349
3391
563
2184
9958
41
7666
3363
5344
2410
8635
1006
68
6660
562
9323
3764
1307
7773
683
9013
8216
8834
5571
5241
2303
4754
928
3417
2048
2018
9931
7621
2209
4669
1098
555
4662
2444
2109
6760
5574
4544
8339
610
8189
4549
8320
4081
5264
6022
4847
9521
4628
7552
6278
873
4029
2489
3359
1352
279
8717
560
3189
8583
795
687
6339
3935
3988
7703
7958
212
9567
553
3368
2047
3068
611
4154
3429
8895
3393
908
5960
169
5462
7323
3929
2149
9305
9149
2724
2584
6224
413
6281
2389
1357
4887
7532
1555
2299
9490
6460
4911
4183
2704
7412
961
382
3608
5811
7168
794
2286
3771
7844
6684
1255
9227
6960
7448
9086
8526
1211
6131
8645
1552
8627
6110
5149
7828
2048
2559
9668
4167
3050
5588
7746
8929
2410
791
5985
8737
3952
8576
1375
8485
4922
6941
1557
700
1408
1826
8213
2301
3680
161
8390
2500
2716
7768
8079
1599
8949
1357
2421
7804
7717
6490
6228
112
2016
9512
8751
1015
2553
9164
6200
464
7859
2212
3806
5444
5710
7377
9417
1994
7341
2706
6839
9707
3593
2820
3236
7254
1688
5003
2203
8788
3915
1199
3424
4408
6490
7655
1593
3310
3072
2038
5087
1697
3526
7448
7497
5802
9649
555
5891
1020
8267
4366
3408
2848
9762
2042
3252
1440
1810
2626
9088
3158
2370
2156
3213
2434
193
2541
887
8766
4112
7574
2206
2418
5373
2113
1582
7670
3202
8714
3897
2731
9105
253
4201
9608
9918
4338
1064
1366
2970
5723
907
2202
3379
1626
9779
9206
2365
1539
5233
9614
9999
3205
2028
6186
29
6343
7237
497
377
4564
5540
3808
152
8918
2011
5693
6790
6740
5446
8015
6473
8604
6645
5225
4662
9999
4842
9674
1590
2687
1616
566
1862
4489
4865
9266
3473
4785
9558
1746
9213
3410
5997
9171
2120
7891
9084
5895
9905
3336
8248
5699
1271
6254
276
619
6274
1956
4266
3192
2403
234
4779
8191
6556
5114
8566
5090
4863
1065
7561
5202
712
380
5211
5371
2297
9210
1590
253
6217
3574
6085
8667
5660
8169
1393
7558
1232
1377
5916
3512
8685
8476
617
4304
7738
3058
2353
1488
7168
7781
5255
9896
5439
4266
7270
8896
1154
5589
688
7895
5012
7798
2485
3871
8351
53
2885
469
6584
3662
9030
4321
6428
2381
1716
4274
9256
7192
220
6230
2075
975
3335
1180
4157
8148
1031
635
8508
9786
8690
7662
8539
640
7441
4358
2937
3818
3255
93
7873
5107
4850
3708
4807
5893
5652
4252
4526
8980
1998
1484
2313
6733
6417
7959
7192
3234
3956
3107
4591
2467
7364
250
309
7627
623
1416
5121
8656
3231
7961
9140
4600
1527
9695
2343
4700
3919
3942
2691
5245
591
1049
9330
6281
8573
1617
7833
6092
8279
4304
8978
1574
7935
4369
635
6881
8169
2430
1024
4431
2998
6382
1225
853
6446
1941
2436
6233
4703
8297
1392
2637
1976
4197
1150
3657
3332
2624
3400
5882
7607
6619
1662
8492
8314
2285
21
9113
3126
7487
3342
2750
9426
1222
5160
706
1133
36
1669
1366
2875
4125
5069
8699
2431
1833
3444
3574
908
5007
2476
4356
316
1308
7515
6350
3101
1510
5770
7626
3310
1076
3491
6967
3309
9129
1544
9127
1886
740
435
5482
5531
713
3889
8030
6846
9261
9533
9720
975
8035
9374
8625
8926
7866
3520
18
9120
8643
3683
3853
9610
2084
3926
9409
430
7534
9474
5371
8072
5213
2310
4636
6455
901
9285
591
7644
7255
4849
295
4356
1766
5206
3931
5190
1885
4310
7809
4347
8301
824
4587
8752
4871
3056
3075
4957
1885
3773
9592
435
1785
8517
2166
3351
3850
1185
7239
321
2690
9703
9707
9635
8112
6811
2569
5002
1662
2165
9779
1750
8651
5521
906
7770
9894
8633
3783
1586
6719
6066
4532
1719
5949
4089
382
6148
6735
3548
3116
3445
2371
4824
5804
6549
8696
9526
2194
9028
2660
8708
4960
5450
3109
4597
323
9535
7544
3288
5251
630
4587
937
8297
6044
7603
10
2270
1461
7516
8831
4263
1425
5812
284
6482
4288
1463
5487
1360
6539
1976
3213
1360
1790
6948
605
7407
7223
8150
2838
5713
7391
8826
7002
8813
2299
3810
2143
860
9825
7706
7986
6544
1739
8621
6570
309
8734
675
2557
2905
4343
6641
5365
8730
3802
7919
8433
2084
7082
6439
9675
9607
1095
787
6908
2138
747
4339
2930
9857
6771
6833
3228
6720
6637
1877
3515
365
5222
3079
2633
3334
7857
856
1431
264
1206
95
392
6875
5664
8772
3838
350
421
3678
6264
6918
6420
7822
760
7478
8976
744
8038
5837
2510
1060
1367
402
8544
1736
7803
6208
31
3220
857
3665
3179
5563
8363
9660
898
6980
3017
5870
6273
3188
7478
4394
5726
57
604
5377
5345
6071
9928
5840
7750
3283
2486
4219
7412
3265
5259
445
2427
9501
5204
2845
5583
5499
9953
3679
2711
4528
9777
7535
7940
1325
8685
3934
7073
6782
7844
9723
1471
7463
6602
1264
2126
5593
9647
9058
2763
2295
2384
326
1372
2636
8144
691
3740
3560
1268
4764
2407
2047
6033
5690
2468
5344
2054
4730
3014
901
2745
124
9633
351
5331
9239
5708
4975
4971
5597
3915
7012
7827
2723
1802
2728
3764
9069
6889
9722
5210
4106
8826
1801
9647
2421
2523
4357
8249
4103
868
9717
7683
6236
8799
2024
1884
2252
8874
44
8225
7334
3486
6384
7035
2636
1725
4282
1033
8817
3726
4744
412
5491
3880
4295
5060
8792
4064
7189
3661
9195
3794
2167
5449
83
161
6713
524
8151
5071
9353
4058
2899
6939
162
5649
4889
9454
1737
8262
5288
7940
2938
9537
8062
8090
8896
7128
2077
8667
4519
7019
2510
795
5425
948
9273
8832
3274
1245
4607
3587
5853
4766
8206
7499
8882
8877
9666
9140
1166
6949
1739
8833
3865
5442
787
6743
6605
50
1291
133
5043
1707
1914
2868
5534
3964
9318
9378
276
6372
190
4015
6896
1989
5373
9540
2169
7655
9743
2470
1344
700
4240
703
6172
6087
6297
967
6661
1211
4426
8948
2706
6212
630
694
2932
9160
241
3057
911
8428
7755
1785
2539
3318
8265
9664
9358
1414
6023
6975
2679
5235
4000
4533
6523
9623
8746
498
7169
106
8450
7826
6076
1984
1706
1418
763
1617
8276
580
8081
3963
6589
9867
4469
154
6954
1157
8874
6387
9236
6020
2748
6692
2275
763
2367
5467
5948
9840
6168
5577
9306
7862
664
6196
6318
3559
3803
2991
8630
9347
1013
8026
7501
9836
1543
4313
488
6765
9924
1766
5469
510
6295
3317
993
6521
1936
7067
5544
9337
3330
9646
6380
680
6606
5595
5465
8709
6766
889
8254
6215
2480
9697
4964
3572
2552
2490
6891
384
2501
3542
6169
9958
7999
1007
2130
2856
2549
3599
3303
9638
1032
6449
9102
752
3751
5419
8277
5996
1529
6728
3078
1958
3277
3784
504
3259
689
1798
8699
3668
148
3436
5378
1411
4172
7769
30
3038
1238
1038
2047
2766
3282
7772
7578
5846
6570
3869
3704
5925
1606
7876
5236
6810
513
6358
6546
6922
777
3157
6352
6659
1657
7200
2494
4989
1063
9260
7389
9797
6892
1089
2729
9977
4022
7509
3654
2115
6480
8713
1596
3766
444
8277
8609
3226
3782
291
2571
5655
3113
6206
3106
4387
4909
3546
9511
6652
9319
6016
2039
7012
3646
3952
4429
9439
4367
7204
923
2398
9520
678
1623
633
8660
5058
518
4814
7300
5881
8953
860
2392
1626
121
5806
5799
753
1011
5432
6756
6221
3556
787
9189
6626
3283
1321
7058
515
3650
4527
6978
61
3282
7941
4038
1924
8329
7407
4993
8526
5893
2544
2174
1585
301
6555
1008
2829
2475
666
5591
7402
3260
9451
4760
6304
787
4397
7545
1512
3377
7486
8159
4581
6966
8482
8760
5762
83
3523
9880
1051
6183
2715
8724
6523
1061
4499
7999
5048
3672
1993
744
272
4214
6946
2384
2513
6565
517
140
3612
625
9716
4223
1528
5657
4280
9412
5573
28
5140
223
8615
743
294
8241
5599
3259
1420
3325
1176
8032
429
1534
2118
156
7746
2100
7743
2833
9064
7394
646
6586
1879
6041
9452
2164
4272
5282
5237
2460
5385
606
3803
316
663
8558
7318
9493
1328
3249
6246
6044
1758
6145
645
2100
4706
7500
2976
1631
8030
5187
1327
2500
8561
6341
9866
191
9393
7289
6282
9579
2378
9165
8767
6544
8888
1906
5063
5805
2150
8660
6553
6324
7604
8234
1205
7272
5674
5729
5997
3127
2944
7640
3711
3047
8265
3100
8313
498
9187
3522
9579
865
927
9286
4155
8122
2032
5989
2635
8281
5734
7388
9659
7312
2664
5856
8494
6334
2419
1946
3085
2848
7940
4968
9038
1883
7255
613
4370
4741
3502
2003
9185
2006
2528
670
9110
1874
231
1840
410
915
4456
1892
1618
8344
4704
1467
4855
7231
3395
400
6249
6148
7460
92
7891
8872
179
5656
3341
1632
8026
5159
8500
2130
5366
1039
1273
4447
2230
1499
1948
4977
3540
2642
6982
3044
1798
228
3049
4116
9284
5050
1529
3738
6247
3099
1271
1157
6678
6862
1793
778
5984
9812
8571
412
4312
1664
7852
619
4307
3101
5688
2412
8739
2590
4337
8699
625
627
2412
115
4685
1713
6228
4457
4885
1246
2290
6556
7543
879
7559
8845
9206
9954
8095
6702
6462
7370
3478
524
1352
4718
6647
5212
6956
9313
761
2423
2634
4927
5463
7333
886
4220
3379
4203
7030
652
6171
7396
5789
5138
6967
624
7062
2281
5112
2591
5600
997
5120
1356
252
4359
8561
3273
1783
5634
4598
3919
7879
8720
4068
4082
4167
4419
5582
9766
3875
142
4091
2212
1123
5087
377
9034
4759
2354
845
5878
9430
8935
9938
3969
4807
8895
6205
3771
6268
5161
2690
1018
6722
303
7736
418
1961
3247
2861
7763
755
8474
1034
1286
2702
8031
1108
1285
577
2901
3095
1645
7881
5594
9123
3508
817
7903
3076
90
5683
5055
3139
1378
2593
9603
862
909
1154
4120
7575
7403
2238
3275
2399
8336
839
985
2049
5479
8637
9353
78
5642
7568
4470
668
8781
9923
8126
9246
1822
6453
3260
5313
781
4766
2021
5484
8027
5324
9540
2277
8788
1500
4871
8467
4363
6375
7286
9047
5082
5057
8774
426
5367
1795
4306
9989
117
9603
7940
2434
303
4457
1271
9846
2069
49
9052
5755
1524
270
30
9087
1847
325
5222
4398
3808
5765
6589
1984
612
103
5397
3810
7290
554
7398
4837
7042
7643
5658
5241
8613
567
5832
3096
1744
3856
7665
706
7360
2944
2427
3084
6332
8033
6225
2999
2853
7689
3799
2002
6255
1574
622
8623
9628
3293
6827
8693
3373
2130
6760
7915
3271
1271
2776
5456
3367
1909
3691
2554
470
2523
3285
3381
2891
1481
4175
9191
1123
7515
139
5973
7713
3110
3015
2600
4037
1685
9225
765
5518
9760
8356
2815
5311
8049
8718
5813
8626
7462
8434
7323
4768
405
3780
354
1996
8900
5304
5542
5522
2835
9313
4803
7123
5888
8314
1127
6685
5784
9238
9829
3549
7534
3033
9951
9204
1837
5523
7088
1802
2381
9295
1453
3140
3608
3103
106
5015
8826
245
6732
6394
5162
9650
658
3677
9690
1119
1697
9948
640
5069
7620
1825
9986
9468
4208
3933
7492
1374
5161
6997
4369
6377
1799
2988
6907
5694
5542
4836
99
1262
7856
5827
5463
1957
1434
4695
4606
7037
9457
5178
7988
1235
7139
68
3030
1816
5357
1924
6557
8007
5480
9212
8667
6953
9026
9614
1766
5082
2526
778
4631
8857
3355
2117
8626
7827
1829
4553
1027
5004
4429
5471
3484
1970
5417
1661
2881
5858
5276
2879
5568
5175
9220
3271
817
5462
2518
8372
802
2811
3721
1987
2943
9633
8084
5304
1763
707
6729
1291
5185
6661
4286
7363
7777
6130
7984
1508
3291
4548
9030
7175
2213
645
3286
9357
7741
5209
5466
5284
4389
3975
7520
7430
3090
123
9013
4404
5906
990
3359
7237
9152
816
6044
4670
9898
5050
8862
8176
6621
8006
1027
6933
869
4042
1382
3016
1126
7737
4247
3655
4057
1689
3579
4202
6199
6802
755
7409
7080
3691
1902
8383
9769
676
7134
1880
6638
9154
571
7291
5533
3519
554
6015
902
238
8475
2383
1268
686
4581
7462
8021
2614
5585
1993
3705
5003
41
8518
2459
9074
6575
5008
5250
3849
7101
760
5943
1347
5200
9835
5765
5543
4548
4494
66
2119
2494
954
5999
4401
2603
2423
9489
9736
2956
1385
8413
5536
1245
3677
8677
5420
4554
1058
8581
647
5905
3752
2445
852
7797
7690
8892
167
4825
4186
6640
8895
8166
2048
1760
6394
6562
1539
53
8519
9137
1716
7900
8073
3624
7805
9053
2864
2582
300
1353
5783
5618
7806
8534
3214
1906
7022
1258
8950
848
347
4520
3326
8717
7115
2525
3040
2354
178
9066
746
539
4288
5583
4989
4082
4797
9132
4023
3133
6325
8231
2833
423
6084
9452
6456
5103
2128
3351
9548
1426
2745
9827
3419
5865
194
5344
6187
7986
2060
7030
4521
5904
1926
7949
292
1634
7527
5608
7832
9941
3623
1413
6380
2152
3488
965
7691
6227
8200
428
5091
5783
124
8135
6270
5363
3452
5872
2084
1884
3273
1139
7661
4169
5582
4558
7927
178
7841
171
1244
5238
6504
8941
1568
3055
3900
2763
9278
2614
1951
815
336
5254
7436
1710
4224
1458
6114
7301
8610
9045
9952
808
2605
1070
8800
2506
9005
1255
3796
8428
4762
5289
4642
4693
4550
1954
174
8453
9897
98
987
1450
7213
1592
8609
9503
5945
4127
5533
5896
6349
424
1675
2141
1506
2534
3252
3034
3503
1292
7960
9907
2443
2086
299
87
342
858
8607
3868
9013
8541
8277
4036
4817
3125
9314
9922
5343
2914
1651
3759
7518
3547
9761
699
1139
9594
3202
6612
2404
8823
9110
1896
3590
1653
6636
2379
8358
1118
7
1526
6874
9072
9381
8885
2181
4132
4201
8063
2653
322
2541
3300
4269
6359
1738
3193
5224
3474
2738
7858
7252
2801
4996
67
9363
8509
1101
1895
720
1736
6926
3405
4510
5778
9683
6614
7200
5471
4125
8479
1656
121
3331
2766
5921
1684
6877
1326
9338
6661
1308
8923
5064
7057
2347
2317
3403
8439
9270
2036
3948
9358
5357
2632
3740
9548
8230
909
475
5643
1685
9640
1386
108
45
5173
6194
4457
6196
724
7073
2908
9256
2263
2792
2000
6867
5997
2901
5723
4847
3739
1729
2744
266
95
2697
9766
5592
1300
9773
3571
5691
2244
9963
6582
8531
4913
3209
31
1381
9234
5572
9999
1214
1711
3483
6758
3236
9611
1370
8672
8592
6547
6615
2767
1133
5066
4767
7080
8768
7618
1727
7517
6693
3674
7986
1565
9997
6683
7789
333
1401
5857
2763
1445
5478
3097
5657
7035
5110
9423
4801
1328
9393
3076
2167
6251
880
1810
9654
633
1814
9999
1208
626
4220
8003
5143
6650
8243
8250
2390
6013
8665
1815
4591
9255
4631
3631
9467
3414
656
7313
1043
1760
8730
6246
5273
6596
6938
5741
7845
3602
1377
4420
6416
6458
6777
5989
1907
3621
2429
454
6637
1525
7323
2254
551
5005
4923
824
5000
9664
5948
5690
3191
6539
3443
2050
8292
2081
179
37
7844
2123
5003
9927
6560
7916
9074
618
6765
3829
9843
1671
90
8973
504
77
9228
462
6888
9724
6744
3360
4337
5344
5125
3495
5732
9551
2448
4172
450
3489
4476
9131
7290
8642
4176
1089
7568
8792
1758
1587
2061
1653
3940
8111
3080
3804
6149
1428
1960
9523
3589
5264
8150
9293
7046
6189
388
885
4437
8138
4881
2649
3348
6059
968
220
4502
8640
7691
4105
9709
5239
4322
4920
9315
3569
3363
4179
1466
4964
6929
8646
7124
3782
5925
7240
7169
7748
2029
8492
9820
5206
8503
7990
5317
5603
1355
8461
2717
3651
3851
5141
6995
4392
1692
7369
1744
7628
1410
4171
580
2169
5644
2428
575
3898
5173
5578
7263
1493
3398
3420
1325
8710
6395
3902
3094
6186
6364
6397
2858
4080
6664
8866
8007
4383
4593
9663
6690
1911
3482
666
9674
1561
82
5436
4333
1014
2381
153
7111
312
5366
4253
7151
1331
1543
2539
1872
5801
4804
1205
1671
2768
1258
4474
3457
7348
3275
8306
1250
5691
3126
4474
1253
9533
345
3616
8727
8176
8550
3503
2818
53
3095
2648
1594
8932
6977
1668
5930
2632
2537
4827
300
4666
8969
611
2074
8382
8880
5642
5223
8656
7325
4162
5836
7133
826
5984
2948
7777
8121
386
1271
595
8175
8868
6119
9490
3634
4049
4796
8894
8020
5049
4288
7911
109
5383
3369
9382
2378
1551
42
7070
6503
3915
4728
7744
9581
9090
4429
2624
1740
3948
4607
315
951
713
7662
5861
2498
1898
1551
836
605
5494
1883
7215
1197
5277
407
7972
7327
1754
4306
380
1132
8443
5552
4943
1722
5328
6697
406
7336
5093
6817
1621
967
6287
2021
8549
7994
1352
2826
434
2236
7322
7430
7705
499
4542
2571
5808
5416
5042
6551
147
5123
844
1181
9106
489
161
3217
8155
9045
8643
4373
2648
4824
2302
2166
7401
752
8001
3270
928
1913
7534
3512
9390
790
1344
8958
3041
925
3279
6946
42
1366
3668
806
9104
4482
2125
7388
6086
4443
576
68
2797
8944
5775
1001
8218
5917
4127
6618
9589
2300
3432
1578
4390
2749
541
519
8320
726
8633
5594
1386
1723
1693
1635
5074
2125
60
4242
6529
5618
162
7477
2732
648
6792
5829
607
7609
8697
6319
6650
348
930
3011
2473
4338
6444
8990
4324
7051
6344
7000
8683
9804
847
9965
8416
4433
1414
8748
3922
6402
6755
961
4380
9848
1283
1122
4594
620
2904
7676
9142
9443
3475
3596
3822
2491
53
8588
2231
7492
261
8371
7477
2655
2048
1803
3489
3320
5636
273
5889
1299
235
8431
934
9048
9943
5753
7849
2557
4626
1242
9827
7256
355
9052
2430
4817
4592
5385
8942
9465
6230
3012
6495
1838
137
2246
4222
3289
9084
5354
3863
2093
4400
5816
1314
6112
2077
5762
156
8934
2897
6656
8263
4050
5627
6731
8240
1741
4437
3468
932
8514
4245
9698
2114
7887
9411
7173
3039
5899
120
462
7996
6776
9739
2595
5704
1495
2827
9892
8949
7006
4508
3270
6970
3755
257
6690
542
8821
3421
4941
399
5543
9065
8837
2822
7547
8085
6017
5323
3608
176
934
2248
6779
3429
1800
1087
1015
2107
2983
3770
8541
4635
2293
2502
7353
4447
616
6270
1666
7599
996
8040
8511
1291
8006
1986
6538
3831
3457
8796
4230
4826
4809
3762
816
7637
7248
4639
311
1204
8115
1811
3210
6214
5716
2673
1190
2540
4598
4472
6556
6947
8075
5815
6276
7361
7485
5088
2324
6545
3261
8599
2639
6111
4527
9027
3805
147
8003
3106
1454
3406
1697
2378
3503
565
8012
1027
6968
880
195
7382
4283
8129
6167
6947
285
1253
3649
789
8577
44
4446
9447
1833
2984
2465
4947
9644
9271
2215
8958
2502
8913
8377
7957
9810
4001
8276
7910
6216
7187
600
3806
1847
33
6050
5925
1809
2782
5578
9868
713
2063
2348
4546
7405
9164
5399
537
8435
1706
1591
3164
709
7157
4434
7613
7037
3984
5317
9392
1359
9486
636
200
760
5468
2052
5733
250
2068
2288
2443
356
865
7550
5601
5843
1443
1735
9694
2028
9138
7544
3492
389
1715
548
8057
9062
2972
7030
41
1875
6103
600
3438
438
6697
6515
619
3134
5071
1661
4587
874
4796
9724
2812
5156
5221
2588
3962
4013
1641
6116
669
1212
8162
104
3650
5974
4573
9327
1227
909
8440
9650
6966
345
5440
8106
3326
2278
8055
1510
8947
4611
8264
6558
3178
9782
3435
6235
2532
1423
9814
5827
2224
8211
682
8118
6400
6838
4617
1673
2812
357
6504
9653
185
3384
7337
6271
631
7627
3125
6821
5820
118
8523
9294
6660
1218
2091
2590
1174
5802
2642
1516
8645
6243
2067
4004
4891
5228
8393
4315
7621
4083
5071
6871
6302
4205
7484
5706
5037
7251
2687
9746
3150
7693
7823
4417
18
3552
3039
8733
1605
4903
8563
1575
7219
8290
4341
2652
890
929
9574
1054
813
7471
294
9200
1710
3663
433
195
3081
9047
9455
6835
3761
6607
7866
7505
2971
1767
5662
4447
9356
2684
2707
6877
963
2697
6441
5046
5510
7165
2359
937
4973
1265
323
9
4913
7125
193
1539
2563
6271
7517
1811
5356
2339
1510
2150
4808
673
720
1148
8673
7618
5192
149
2461
4864
6534
4873
3046
1672
9332
2101
5021
7104
4688
4297
4831
633
9155
5090
1475
4771
5727
8328
4984
2114
6603
2726
5009
7669
974
7421
4845
1617
7292
9368
8952
3855
9700
5757
7140
6698
2533
697
6069
3686
5988
1464
6959
4737
7471
6983
5680
5755
6014
1674
5645
4901
4911
7164
2621
8283
3326
6249
1879
3872
6966
6061
13
3022
251
7419
9078
9627
6227
3662
2796
7834
4359
847
7210
8966
1981
1370
2931
5791
1683
4305
9682
338
7659
6941
2421
7866
9450
553
361
7017
7167
5309
6484
9381
3875
5051
9492
658
1364
1482
2843
8963
3009
8950
9143
1825
678
5956
6083
4039
5269
1382
1552
5346
9992
8788
7681
9900
4089
420
8521
9891
9229
7439
9396
7004
9332
8244
4968
665
50
2664
7882
9083
6523
6676
5664
8024
6544
7532
954
2251
3452
4161
1663
286
2045
8518
5704
7687
7827
7571
9471
3078
9482
1867
6582
5322
2919
8222
8664
9495
9380
4798
8080
5560
8716
2097
91
6788
9253
2603
1854
7538
3216
2137
1462
28
2338
4429
2292
2661
7088
6429
1205
1673
941
3258
7138
9129
9539
1681
4157
4275
370
7956
4870
1124
316
454
7856
781
9628
3992
9895
5142
1850
902
8350
5653
4384
6673
4506
6076
297
3050
2129
4214
3310
5364
1424
8576
1632
4182
7134
39
6261
1299
948
3861
1283
4154
2041
4411
3485
844
1919
4589
6944
8753
4607
4449
1149
7881
677
86
2788
6195
7227
8211
213
4415
2759
3638
4710
3989
932
1865
4211
9234
7505
1684
5721
6
7836
1062
6097
7550
3260
1841
7468
8385
1856
5448
3987
9773
2091
1129
1899
720
4669
154
3035
5734
1264
2421
2894
8229
999
2739
838
2489
4230
5098
5270
9217
849
326
1118
2054
6054
4376
7157
2431
9370
2194
2008
9318
2373
9310
805
9720
4733
5505
1542
2654
5554
5619
7838
6734
430
2923
9445
9809
379
5501
4643
8467
6034
9075
7198
3085
935
6108
5587
2386
4069
3367
8247
7035
5339
4557
5755
5155
2579
4241
4960
9297
5511
6521
7040
6505
9970
1659
24
6258
2631
6886
1623
533
1525
2085
2440
2922
1493
2467
8175
7987
521
3230
9653
9765
1604
6622
8835
6153
5481
9779
7504
3335
9509
6544
8299
6173
9707
8857
4791
2147
4468
301
9834
3663
9267
1411
6100
4630
889
2550
5103
2297
7101
3953
8171
9595
7513
8921
2439
4548
3893
4509
9006
5991
7188
6926
2487
4307
145
4478
9883
6876
3399
7690
7668
7735
7155
5319
9658
4824
8010
8046
701
3852
906
9447
6898
2165
3442
9158
6494
1033
7616
2568
9827
969
2222
1500
3549
6642
6667
1922
891
2326
9899
6357
2126
7032
2430
1047
1283
5369
3009
465
1296
5589
8375
2599
3921
6668
5494
5933
2304
9010
4097
7068
8709
6598
8473
7762
1267
547
6770
3565
7327
2232
8470
662
8814
8535
2748
2045
5829
4448
7302
6680
1824
7611
830
8043
5712
312
6574
438
1477
743
5665
7329
6622
3686
2141
4728
2963
8861
5598
759
6463
43
4881
3092
2574
863
5109
1807
378
3798
801
8923
7526
4423
4469
3849
6503
6624
5314
3689
8693
3966
9528
1647
1221
6591
9620
5078
1796
520
3174
3832
1187
3830
3395
1497
2389
2565
4160
6199
3161
402
4681
7554
2248
464
372
5371
1678
4380
1609
7597
3401
818
7774
2830
9618
459
4100
1316
6766
9933
4403
4856
9379
1377
9542
6316
2011
6595
2198
3899
7403
332
8615
7221
1840
1807
2805
1399
8846
8677
1084
1132
1959
2296
138
7126
2846
6754
38
1306
4409
372
1837
2111
8376
2325
7344
580
6568
3073
6398
7028
246
4909
9075
6236
3525
4459
9838
6934
6765
5394
1699
1388
2729
4875
8469
2526
4159
2187
4849
2736
4334
579
139
2852
3897
6026
4857
2683
5957
9285
3282
6683
2756
9004
2724
9966
7599
1596
9959
4256
1957
1196
1605
3591
2678
9424
9495
6000
735
9791
2750
4190
4755
8165
8854
8849
2190
6455
3099
9143
8681
4154
2552
2934
987
1042
3027
1909
1894
795
9306
9085
6557
6298
7452
7251
3543
1217
359
3491
1973
612
6453
4075
8658
7903
7942
2541
7887
68
5420
770
3548
4838
3256
366
4917
7462
7480
920
2851
9568
6125
3350
462
8932
8221
10
3970
2694
318
7150
1193
9253
7166
6161
4866
7275
6706
879
5076
9642
2596
4802
9670
1825
4859
1467
3978
1024
1002
2910
1676
7058
6313
9025
254
8115
323
402
1841
6230
3508
875
1171
1096
128
6807
811
5393
2099
7025
70
5968
2205
0
1999
1075
8938
8773
4288
2505
3618
4689
955
2345
7877
5990
6439
1950
6964
1252
875
3065
1712
7536
4139
5077
9076
500
8694
8536
1489
5881
3100
3390
5853
8789
1327
181
1946
5492
1425
3465
8312
5655
807
1677
6474
5871
6208
3790
9849
3513
6168
2680
3291
1751
3482
916
3473
8785
9321
7384
6051
8560
1086
7037
8108
647
5983
3903
7990
2112
2115
9015
3795
7802
9960
5704
2640
4803
1745
7771
4714
3495
7584
7882
8093
1574
343
3583
2353
4103
8270
5322
147
687
404
2821
4804
5951
7366
9704
6052
2560
3616
5051
8348
8480
9143
9471
1790
2362
3618
4347
3022
103
5292
9720
4237
4038
4250
9899
7705
1484
5260
4597
8550
8556
9654
2973
8571
4901
2716
3912
7228
2510
8799
1022
5979
4866
3226
732
6990
9868
155
1992
7502
4833
834
8105
8564
3455
9723
1938
2788
3017
4779
2930
7079
5744
8589
4973
2234
3057
9577
2792
3032
1073
5529
7159
1960
7800
1851
1639
3414
4848
837
9962
2146
7309
524
117
1722
7577
2435
8092
4888
7223
4388
6904
268
9267
6415
9854
952
8571
8566
7007
4318
4640
5588
1711
58
2411
6033
8742
1118
9344
1831
3832
9441
6979
2049
5541
3079
7597
5816
9231
9790
6908
253
3040
9230
7885
1798
4967
79
4955
8905
7158
5127
3045
218
6477
8074
1953
1556
2996
575
6066
4297
4426
5908
8650
7865
3025
3042
4753
1684
8086
1774
3009
3312
2257
2725
6566
89
145
1764
8312
1820
8244
6074
7862
114
9577
6767
2275
7276
823
1601
2240
547
1657
6563
2492
6269
3920
7972
3725
1310
2630
6384
9054
3108
5411
2696
4790
8864
7075
1122
108
9910
2434
961
6877
9892
1612
9234
121
658
4743
1660
9600
5117
684
2149
1264
8627
3978
3572
8171
5422
1626
427
1163
2257
527
2128
5477
1316
9925
63
9934
6079
6295
162
2384
3624
5038
5995
3755
9469
9980
5863
5020
3696
220
2979
317
2149
584
3196
7954
4204
5687
1975
6351
911
4493
7189
3291
3932
9184
1764
1669
3535
9099
5
7352
7606
4789
4370
5104
1780
8927
1435
8186
9730
9760
2325
8669
8810
6593
7841
218
4529
2375
4830
5924
7831
9667
4462
1872
1583
6124
5129
2859
4095
8983
3395
2030
9287
2124
5710
8690
1506
8376
480
6691
7821
2353
7490
4086
9194
3725
7854
5547
9956
1106
9590
4849
2079
44
4340
3835
8599
2799
325
8102
4342
4019
884
2872
5570
9080
4328
1624
92
9518
5517
8175
9256
9062
1508
8002
9725
6405
3993
732
733
6543
9816
2382
5793
6781
399
774
5996
4820
1553
128
2236
2213
3440
2543
2815
1251
5800
841
3131
6249
5643
950
4780
40
4208
7207
1596
689
9131
9847
9332
2438
5867
1442
1412
976
1094
487
7012
8576
5973
7023
3273
3208
8606
5451
6838
9477
2501
9711
8216
1330
5906
2304
127
7917
8385
5551
4605
2568
3788
7634
2145
5024
6601
2007
7217
5357
9762
8056
8808
1246
7544
3933
8789
3809
4343
7748
7375
917
9768
353
6010
224
7930
6805
3883
1648
6397
7776
1626
2434
3363
6119
2252
9620
9367
2179
7326
2587
9083
6463
8001
787
1491
9664
4888
7994
3491
6258
3619
6283
6969
1318
8553
2796
986
6925
7927
967
797
8451
3066
616
8137
7996
4958
6795
16
9888
629
2498
2153
5974
7894
5945
3230
7313
4587
9675
6538
5085
4217
4304
4735
983
2653
3309
4763
5184
2523
9162
937
7504
5174
6305
3270
474
2254
6204
1194
1188
1852
3787
2483
5827
8479
1784
3280
872
133
4395
3315
7308
1737
7260
9428
4781
3726
8732
5524
4774
7391
7538
7432
223
36
1398
8802
6970
52
2751
4046
7496
7101
6157
162
5935
1973
1383
2355
9693
5150
7634
4070
6681
971
5445
1437
4574
1957
7664
2718
630
1707
950
3859
1720
46
7726
2420
2642
9256
7661
2676
53
1712
9873
2925
6258
4510
1374
9660
184
798
9273
1165
4235
631
5478
9653
6515
8905
3105
5137
2202
4104
2270
3362
8003
7898
5986
3925
1627
9154
4638
755
2689
9627
3438
6157
196
1684
3638
3974
4113
6846
6359
7374
9977
8885
1988
6994
7652
6434
760
1989
4073
4365
3459
2044
2136
2130
9577
764
7037
6795
2008
7684
133
3399
9757
122
7357
3006
1910
9799
6912
596
3109
2050
7357
3358
393
2109
2089
3944
7964
4593
6410
4498
1725
42
2543
4350
763
8034
5424
7610
582
4127
6937
7581
597
9964
4629
5748
2407
7368
2765
2426
906
496
1565
8361
5197
4909
4826
2211
1990
9150
55
8735
7827
5988
1312
9236
7281
175
7852
2023
4717
2011
245
868
3198
170
9572
2798
432
6480
5055
1319
5535
1826
9539
4894
615
6572
3455
6780
1741
6740
2054
9692
6077
2545
9282
9006
5730
9275
7129
7146
9560
1761
5329
1188
9201
3949
1490
4804
3769
7129
1456
1027
9947
1101
1653
645
5487
2304
2624
4569
1594
1626
1200
4978
6036
8106
959
4482
8183
2301
9503
1243
6572
2297
53
6150
4646
8317
4199
3567
2059
8873
2231
6678
7030
2732
5564
5527
8366
273
3413
4500
4788
9113
3565
8887
6351
2327
3438
6794
2807
9406
197
3107
2467
2107
2105
9824
2739
7937
2187
342
7421
4232
4075
5401
8537
8773
9601
6138
6891
2680
8422
9636
4499
3225
358
9637
3686
8896
9174
2909
3243
1781
8949
4376
277
4334
7300
428
3859
5122
4453
5841
1064
9760
2438
8467
1691
625
3834
232
9487
221
1147
7809
5536
7329
65
7667
5490
4460
7680
100
4762
6572
8934
7220
1049
9995
6816
945
5547
7064
6207
7464
2212
3271
9198
1916
8117
8408
80
3320
9825
392
443
2692
5411
9674
151
7338
2763
5236
2133
8709
2572
3033
5071
4958
9383
7529
4420
5735
2517
3066
4400
2067
8103
1077
524
7628
8302
513
9131
2066
666
880
7760
1028
8803
6156
4288
5232
4520
399
5531
9386
746
5300
1258
367
664
9409
9239
3926
3881
5617
2191
427
2299
756
3481
555
8207
4053
7987
2591
5553
1711
1600
2632
9256
2014
7892
1855
8865
390
699
8618
8828
5159
365
141
3827
2139
7459
3254
3150
3781
7253
8311
1912
8378
7723
8721
8191
8252
9856
469
3278
7562
6901
7626
3018
8441
2587
9934
6383
2449
4126
5965
760
6504
4241
8738
5825
5183
8926
1760
9308
4270
5163
7103
9301
1280
5499
455
3014
1677
5226
7966
1722
988
117
1970
739
3205
1741
6117
3977
4008
3818
4059
4889
8112
943
6229
9929
7572
545
555
7436
1443
4311
1483
3147
8061
1649
2692
7373
3314
792
4033
6780
9195
4138
9158
5768
1722
7697
3740
2104
2066
4216
8604
6724
9174
5805
446
4659
8531
117
1055
5317
7309
994
8979
144
5818
1909
7136
7596
7024
3924
7078
5133
1728
8906
4064
4787
7055
9009
8363
6467
9352
6816
73
8947
8227
2068
373
4856
6852
2496
516
5136
451
8788
4880
3311
2911
6303
4099
9946
4322
4805
9429
7012
8322
4190
9094
5484
1613
3204
9467
1859
9858
8474
5849
1406
1455
3020
7218
8912
7054
667
9266
9012
9871
4710
1160
3678
1731
5751
6966
7855
6062
4290
8407
3434
1050
3422
9730
1641
987
2321
8755
8319
3303
1406
5316
5580
2689
9853
8878
7698
2154
206
706
698
4982
7518
3717
3061
4864
3765
3887
1924
3517
2213
5250
6198
9408
9858
1755
9749
115
1842
9083
2207
8976
7651
6466
1189
643
3807
7168
3942
9200
9281
8538
1113
1779
2181
7902
6828
9995
9217
9928
1616
2838
148
5120
7888
9692
6578
2330
7926
4347
1757
1067
5132
9125
147
2059
8514
3371
6794
8896
5621
3735
4188
2308
1113
3900
5411
8524
1132
9471
802
6616
4635
9522
8649
8168
7409
2229
7558
613
6996
8379
2732
939
557
29
1653
1768
8842
2113
2470
2022
4262
2568
3815
9095
8723
5402
5663
7077
8445
7970
8114
2391
7550
2249
4474
8467
1681
308
9366
4374
9415
4557
2709
2692
1659
3697
7521
1728
2326
7454
6235
3962
2177
3771
6874
7356
831
9685
4835
1747
950
3133
5032
3229
4097
1811
6128
6775
5639
8480
8394
7220
2040
5639
5841
1469
701
8937
1230
2219
6285
394
2465
4357
5231
1143
2973
7545
2563
564
3798
172
5455
6632
6331
2643
715
3879
1091
3310
3307
8099
9162
7527
9967
961
2488
7405
7964
285
6086
3825
7976
1277
6207
6765
72
2518
1544
4264
2378
8432
704
3914
1249
1402
2149
5520
9940
1774
5820
7742
6726
6243
8781
5047
8851
277
4754
1791
47
6308
6287
7434
6286
862
2559
1436
4131
4221
7378
6880
6969
2401
1608
2293
6707
3340
5212
4283
7013
5392
5745
6433
5951
5720
9725
4301
2588
8217
6488
5368
1566
1303
322
9775
39
4790
56
8073
2856
6615
7861
601
4666
2623
9848
243
2686
678
5305
7199
7109
3348
2507
2431
126
1676
4289
8415
9475
4294
7744
1105
690
829
7576
7878
5228
813
8977
5837
3552
8554
5735
939
8197
5201
4966
7694
1897
1839
8645
65
7037
835
9490
2702
876
3909
5664
823
9439
2899
2019
355
835
1711
2791
4617
2245
4330
3044
7806
3234
4623
9106
2014
225
5583
5484
1260
9533
9280
5734
58
772
693
9054
4744
1681
92
6868
8028
2345
6073
5624
2229
1735
4805
7768
399
8649
8390
487
9286
8007
8974
5900
5483
582
9635
6128
4247
4337
6721
2437
9123
6690
641
2534
8899
8500
2552
3507
9606
7992
7968
9
6991
2217
6695
5203
4240
6400
2617
8515
9499
1990
3182
2175
8841
733
2563
8907
6646
4141
6377
5514
5043
5872
6048
3012
3273
3613
418
9318
8206
7813
383
1133
9897
5278
2460
7616
2693
162
2586
544
9895
2855
3928
6577
7120
4845
7224
6501
674
9258
8962
8781
1442
1030
1626
7007
9889
85
6850
7862
2314
407
7232
9468
1820
4080
3981
2887
3685
9001
3219
1735
3074
1827
8083
3115
3960
1487
4121
3335
5233
3552
1985
1414
9480
4810
2503
2783
7460
4531
735
825
2420
1542
72
3389
6926
8727
8866
4256
7143
842
7081
6222
9394
2610
3785
8389
3305
858
8640
2807
381
7205
8689
717
6157
1495
5918
347
6920
8815
2227
2488
8691
4155
8114
1322
5001
8410
5986
7555
1605
9087
8855
1582
4833
3531
3200
1592
4940
5863
8275
2830
1165
8420
808
1050
1546
5298
2296
381
3127
1123
9971
9723
7759
1117
2676
2361
8052
3105
2710
1208
8679
1536
867
2671
357
5398
6992
7274
6184
3805
8170
9220
9321
3410
1343
4901
6022
374
5868
6379
392
420
6650
4762
7632
4165
9959
116
4775
3573
438
1767
275
3155
326
5017
9160
2572
4323
8116
197
1924
8351
7841
3273
4713
94
2885
5801
9736
4051
6975
2483
1996
670
5197
9391
4970
3811
4401
6090
1358
1833
8375
6914
547
4855
4196
50
2964
8383
3853
3211
6325
3719
5229
8134
8417
2588
9908
171
9106
6373
847
4320
850
7240
8444
4419
7909
191
6778
4070
1554
2520
2770
3885
5781
5888
3687
2361
2502
861
2351
4530
5816
6829
5199
1238
8625
7314
4537
3188
5836
10
4580
5815
6607
4528
47
7172
685
5476
2245
3010
7275
4923
9279
2315
7028
807
4252
3814
668
1940
6833
3762
6371
2344
2241
8307
7457
5095
2395
5821
9980
4249
4806
3569
1370
7501
910
5178
2010
8154
3083
3894
7953
9962
357
9172
5157
6340
90
4354
491
5837
347
9124
5601
9807
2586
5588
6122
2485
4
1037
3229
8795
1598
8101
3564
6856
8992
9037
9461
8824
2244
4394
1035
7052
1054
1729
8210
6865
7144
612
5789
5264
4069
831
1047
6410
6977
7713
3843
1762
938
4875
4437
9928
4002
2155
2396
7321
3151
2421
5014
8503
9960
1638
4754
9642
6240
328
1395
4404
7568
8676
5625
8661
1766
3243
7423
6995
9600
1539
629
2006
4134
1986
2396
7111
43
2395
5091
6583
2065
2075
3348
319
7135
2210
893
9675
4452
5619
8783
325
793
8554
920
4035
7032
1024
1073
5744
845
7840
7271
795
9425
87
7530
4689
2257
7709
2424
4667
2544
7814
775
7816
9185
6615
7556
360
8515
6857
9918
3646
1386
2479
5073
2355
4353
3607
3812
4490
1154
9618
882
4199
929
8899
200
9118
1084
906
1491
9021
1218
6990
3543
3881
502
2044
5328
633
2147
834
8745
3797
9500
9369
7805
8620
811
1798
6320
5480
8869
3792
3821
2323
3663
5055
7934
1733
9779
4249
7405
9428
2849
1099
2302
9051
1686
681
1112
3462
6125
182
839
6786
424
4834
2387
6328
3308
9479
9214
7539
6847
9506
7536
8230
5235
9954
2659
1519
6736
6690
526
3097
4787
869
4865
8741
7849
5862
2597
5846
4889
605
7249
1807
3956
1169
108
7469
9645
5297
7509
2675
6921
2592
5956
4553
5845
5300
703
2340
3162
6637
3068
2340
4209
1173
6218
3248
2006
380
8254
7746
7167
5344
5118
162
1641
127
271
835
1911
9276
3390
2240
7129
35
2096
6884
1053
6941
1099
172
8169
1954
5265
6893
6420
1650
8513
516
2759
6481
107
3154
9815
6246
7062
8036
1231
146
4036
948
5856
1745
6208
2465
7256
6578
9757
7614
9011
9957
4510
6942
2612
1657
5365
523
4850
548
8300
3369
1075
3103
3733
7325
7817
8231
7330
3724
9454
1892
2276
8054
4289
566
5252
5535
6062
8116
5218
2097
3231
805
1537
2851
4629
9755
7935
3799
7220
6419
2070
9510
5201
8637
9956
1244
3213
3755
106
8707
9246
9947
486
4737
914
7749
1441
4673
8515
4
2152
9714
2585
9012
4411
9586
7490
4175
2792
248
2146
8119
5173
5988
7899
2627
3151
5463
6170
3882
8437
3809
8055
2817
1107
1007
9259
4533
95
6289
1327
7047
8406
1116
5768
8874
837
5412
7285
2301
1607
4663
3604
3113
1201
5803
7063
5145
4014
725
2218
7213
3611
4734
2305
6765
8434
6438
5444
3534
2007
1669
2954
742
9221
981
9606
8831
1846
3473
8004
973
8532
5868
2626
9167
9842
8530
3406
9112
1258
1807
3940
955
5781
369
1860
6440
7548
9102
3717
440
6833
6981
5292
9274
9548
1414
3514
2091
9478
4561
8152
5416
1272
8415
1140
1587
721
4162
8313
7975
1610
7517
7583
7084
2266
643
1096
8712
1544
33
8149
8476
4163
507
9212
282
3427
9623
2267
4935
9102
9883
5209
4148
1082
887
3665
9820
6166
7571
4910
3566
886
9623
6453
1720
7554
6972
7828
9911
4302
2597
942
9472
760
3709
100
8094
2915
3007
467
9482
4326
4456
8399
8539
2771
7597
1779
2547
7368
2972
2534
2709
152
6692
1980
2983
3302
4579
7154
7516
6023
355
6887
5566
5013
1859
2315
6494
851
5767
3608
923
7620
6480
7619
484
3626
9657
3489
2590
2687
534
7801
6148
4021
5789
5422
7602
1102
9105
7608
6767
4922
898
599
9197
8020
6183
8120
3186
3628
5063
4243
7524
1394
1802
7275
7495
5559
3906
1090
7543
420
7001
5231
4084
3431
2473
3393
2607
1409
1070
6704
1288
0
5852
360
8645
2509
7247
5365
867
1189
7622
3053
5085
9688
2847
3520
4845
195
8449
2240
3605
3262
6764
9392
635
1797
801
3406
872
4615
337
928
9696
9344
2567
5969
2495
3911
3268
7032
616
8727
3133
3308
8012
2013
5223
8713
1724
5478
9886
5489
48
3846
1864
2756
2147
1624
4397
4493
2804
3817
2723
8514
1757
755
6891
3657
705
6522
4573
3386
8505
7753
5316
6409
1019
6746
6649
1424
4014
2903
1617
3679
912
3667
3685
5075
1651
663
9845
2118
187
974
620
3900
9465
3888
1473
6713
2469
7343
4675
900
7294
563
6387
8044
1889
2198
6958
1964
7050
4750
1
3312
4381
9694
6795
2308
1635
5755
9456
8801
6806
2447
9603
6039
1499
880
1921
3786
8354
7773
894
5020
6431
3006
9825
333
1478
3849
9166
2389
2856
4084
2662
5181
640
526
7873
2161
8508
1755
7879
9654
7819
2835
9057
1788
5995
5722
643
6114
9232
3613
6502
2939
2052
8945
374
9684
3714
1580
5632
8194
2912
1984
4026
974
1247
9163
5712
5777
8132
1536
9954
685
8692
2835
4318
817
5010
7654
5774
3066
1816
598
4114
5289
9750
5797
8508
633
2829
9670
3598
9389
5387
5851
1475
7740
8068
4078
9519
8811
5829
4289
7320
4958
7960
310
2834
703
2822
3933
2251
3834
3120
1633
1227
4446
1804
8993
8729
3076
1664
5104
717
9421
5135
3868
3658
9581
503
9838
7848
3129
838
7222
7346
3665
1695
8596
4164
6302
401
902
2434
2970
3234
8485
5753
7298
7182
286
9574
9501
594
9265
3992
6249
9238
5003
6023
8730
6558
3716
2433
9569
7391
3864
1432
3358
7346
7126
8285
3142
2634
5690
6554
3154
2549
1162
4947
1405
9844
2211
2539
2219
5835
5170
837
4042
5927
9009
4209
2779
4546
151
1586
717
8105
5758
6705
413
2663
5267
7284
4030
3865
672
9500
1354
65
8537
6482
6071
2135
8089
3151
7208
1139
1306
781
5945
5659
9190
6193
1912
1388
2448
6805
2595
586
8001
4326
6565
168
2324
8131
7984
3431
7313
2960
970
2318
6650
141
5112
8621
9255
5435
4731
1634
2257
8232
6844
8344
9632
7374
1672
6003
2150
8928
8508
9132
936
6719
8912
9292
2000
2671
7459
9050
2324
2654
9690
1685
1475
590
247
560
3365
214
3179
7217
848
5245
5068
5048
2442
2722
7429
1455
9665
9211
5200
1958
6764
2036
9908
8699
2400
5939
2191
668
5969
7261
3330
845
623
2907
6014
1431
1628
5738
9074
6390
3230
8757
6225
1825
8809
5699
2678
2808
2570
8256
5624
9504
164
5228
1835
8430
1563
4005
8123
2148
4833
2262
3065
8317
1635
8749
4852
5866
7731
5357
5990
5195
6564
584
3828
8653
5176
5497
738
9271
5609
7077
10
8898
4904
4208
2331
1595
9161
1662
7409
2346
748
6096
9897
159
9225
2955
944
722
7219
2615
5632
8279
1337
4653
4203
4964
1532
8110
8595
2050
3460
1570
4799
1189
1
919
7165
6076
339
3046
6711
1270
9096
6772
2952
6571
2505
2478
2988
6773
883
2322
2297
595
6278
8077
8814
6876
8655
5256
7520
3731
9670
9745
9871
2415
791
1338
1930
1128
6336
7172
6135
1153
6048
2490
3952
4215
522
6382
350
7021
300
6084
5639
4629
3442
4544
9175
7199
873
2687
4144
1665
3252
7256
9617
2538
624
1633
344
3543
3865
7937
7527
913
4089
3786
7207
9437
1188
9682
9679
8385
3365
1238
7907
4247
5893
8157
237
8195
528
9117
5996
7348
4857
4640
4639
5437
3639
308
416
5953
1270
6885
4481
3392
3725
8619
2391
5044
656
8436
1064
9
8758
847
6709
3616
2792
7901
8696
1586
9055
5592
4893
1509
9530
80
48
9984
3057
8826
6586
4062
1293
440
1259
3653
3476
4518
4534
755
8405
4649
3567
7726
408
7544
2245
7208
3235
7640
4688
3011
364
585
3545
6250
5025
8338
7164
8972
1817
7148
350
1111
9384
7137
2174
3448
8181
4739
1261
3829
2156
2444
7997
1286
4098
6921
75
2567
3485
3349
5628
335
1919
2135
7257
6749
3494
2891
746
1879
7476
2034
1332
1715
2623
8697
4978
1218
3464
3801
2788
9055
1260
8051
6906
9899
8093
1369
8351
309
4206
1421
2374
5340
272
6779
3925
8485
8719
1030
68
411
7308
8739
6212
8026
793
3415
863
7625
5734
257
7459
2603
9470
887
3518
2228
4208
6242
585
6891
8767
3128
7524
9268
1688
6781
6805
7242
7191
457
3376
7423
440
8248
2566
2500
2542
7236
3837
1719
4950
5619
3442
5407
473
4176
5569
3625
3348
922
5649
9072
9399
1854
9888
46
4287
8437
4513
7413
9795
6525
664
3531
5713
5577
561
6201
3687
6520
3044
3075
9089
8198
4265
9781
2357
7093
2539
1666
6128
1593
2239
6684
5502
3094
16
5058
4204
9306
5489
3692
1822
1162
2594
4968
6591
7005
191
498
5515
6971
4908
9653
9678
2035
1584
2804
3147
927
7348
2311
2252
9096
9946
9863
1949
1065
206
1144
5591
5445
6301
1081
1261
5015
7112
8492
1784
77
5111
7062
8179
9172
2061
6101
9030
7970
4111
2933
2499
9078
4660
9281
4977
2143
2652
7353
9708
8255
656
9064
1689
1406
8877
7651
4970
9773
5600
6481
5255
5297
496
3405
8998
6892
6110
4828
3008
7034
1454
622
3
2593
5347
4679
39
4102
7899
8203
9682
5871
4383
9035
5449
8540
2201
82
2509
308
3955
6302
5585
9969
5188
111
2461
7706
409
6625
8260
2597
277
473
2422
7401
7560
8369
2261
676
3057
8995
2711
1698
5075
7960
7216
1160
3385
5358
5069
9139
1513
2011
3840
2660
7849
836
223
5144
7285
4508
2219
8216
5371
9085
8145
4310
7357
8599
7251
3298
8084
7691
1268
6703
8164
2199
4277
4842
7668
5231
6546
8131
2122
7120
7404
7667
2505
2308
1108
2076
9737
5413
333
1486
9658
4434
1038
4543
5304
8609
8634
1896
1070
7018
528
8432
8058
4800
3009
1961
7348
8366
9701
6796
302
9062
8908
3317
5770
6024
8341
9022
815
1268
9904
1261
345
4800
1061
5901
6483
5560
6353
7661
9925
1081
1764
7611
5373
1035
571
7854
5615
2658
7229
9526
621
4723
7304
6435
9621
7623
5082
1384
9773
5153
7951
7662
5535
8767
877
9368
3876
6067
8368
3050
7922
1518
7255
4313
5237
4561
7675
1889
2719
7379
4531
5592
1087
449
5097
2341
1394
281
8890
3904
9309
9605
575
6537
5926
7992
318
5272
7749
3434
3424
1783
3693
275
2609
6257
8986
6793
282
4697
4266
2105
3102
1915
3148
9271
38
387
1018
3014
1725
47
6629
6615
1898
533
7572
2738
3617
1588
1804
421
3817
8844
8462
5135
8907
1580
4164
299
671
2639
9530
9485
7143
294
1068
8141
8968
8420
3779
9607
8251
4316
7918
4863
2360
5259
9122
805
2173
1173
7026
3708
8162
2176
1581
2490
6093
2226
59
9871
1907
6107
6533
5237
8021
7410
4246
9004
3974
5553
2022
7986
4766
7168
2800
2485
4880
3123
1816
297
1787
7298
5071
4968
4787
2060
9458
732
9581
6090
470
4221
7837
6756
9732
5387
8736
2055
9364
7722
696
9394
4523
8081
1963
8403
947
1537
4234
2260
2255
7926
8194
9812
2107
7023
3877
3431
6629
6861
886
413
7103
1517
5862
1972
639
4566
4993
669
2077
6849
8327
8814
4345
1195
3244
5468
9936
3532
447
2071
2397
3477
4299
8979
7743
2155
6399
9098
2990
3718
2525
83
8940
9384
1397
3169
8894
2174
4127
7339
8712
8392
4075
1182
9914
6168
6408
693
9085
9437
7094
8756
9563
1500
4637
9943
6096
9331
5802
9293
1029
8910
4812
7636
1175
9365
3411
3027
6729
6219
643
1034
8415
3815
8699
666
549
7681
3656
8516
2226
9676
1304
5938
8129
693
6448
2727
7497
2512
157
8280
5826
8653
1835
2183
7974
5228
7190
9955
8968
7782
1748
66
5464
8503
6511
7161
9858
716
7124
3793
9401
5825
2684
9578
3367
4520
8605
2236
4017
4040
7248
1586
7820
2235
6545
1557
2483
7429
7737
6393
5795
5478
3515
3162
4188
62
2608
6292
2344
6099
578
6261
4089
4452
8235
8596
5909
9515
7148
8254
3936
8485
6716
6004
45
9248
6295
4629
2356
345
4674
3277
2754
6530
9183
6699
9588
7254
7333
483
2337
4957
493
7768
9818
6046
9132
8711
674
8055
5283
980
4510
9869
681
4053
6427
2357
8371
8993
386
574
105
5574
5213
1236
4696
6397
3942
6598
119
654
5059
1490
4970
7810
5252
549
1175
5836
9016
5589
8925
4423
1970
3370
7582
7823
2416
7296
7232
3279
7717
4174
2455
1213
9435
4660
7631
8391
203
2998
1181
8988
24
202
9283
7994
1870
1827
8181
8219
3806
636
7311
1311
7062
1924
6643
6824
9890
2875
1732
7607
5093
5584
931
7690
1510
3240
9964
930
5835
3582
5983
6166
406
9742
1408
345
4594
8735
1982
7068
4347
6484
691
3715
3969
9617
641
136
7787
3741
663
371
8842
9772
2757
2692
7349
954
9141
9910
7278
4935
1846
4131
6439
5221
5416
8999
1782
8514
5193
4854
7001
3333
5409
3052
3082
9995
367
8105
401
2079
1681
1449
3196
91
8710
3476
6527
385
8709
570
4412
7559
8569
6092
3713
5894
851
2971
1844
6162
2286
2546
718
616
7744
9458
4843
520
165
4033
4621
3143
683
4529
4131
9347
5886
3026
2910
1653
4913
4103
7165
8648
2273
985
5949
8556
8890
6158
1090
601
7445
679
2580
1907
1144
4109
4826
3650
5164
5257
8231
799
9661
3717
2135
2574
9396
2821
4024
718
8404
5509
601
385
9861
7314
6691
8604
7876
2872
3113
1902
1176
4447
5025
2784
8994
1364
1424
2992
4044
376
6071
9214
542
5227
1136
8723
9600
1142
4454
1076
9763
5740
2599
6107
6254
1006
4843
6207
8858
6768
7714
665
7532
6912
7551
198
3541
3232
933
7147
3500
2023
8341
7324
5190
5692
1270
3434
1483
9229
6913
7600
1208
2323
6177
1372
2691
326
4669
2910
8979
9152
3667
3106
8587
5794
7780
1405
6970
1064
4162
5865
3780
254
601
977
7102
1087
2720
4571
6972
2354
1167
9929
7659
3203
7166
2894
1197
9266
257
5024
8087
6205
1493
433
9964
1151
1465
1197
1400
6629
893
1124
8685
229
1003
8021
9709
7805
808
6687
2620
4284
649
3543
130
1203
2069
5143
1811
7545
6591
4701
3199
1762
2384
543
8072
3229
1414
8511
3352
8271
9887
8819
30
67
5827
2145
3612
1582
3668
8252
226
2820
8615
9762
7880
8493
9136
977
893
1684
5711
2701
5731
8997
4812
787
103
1844
1331
4282
3745
286
6112
4302
3184
6385
8409
108
1042
4106
7342
9964
2374
4257
8145
210
1794
3191
53
8243
2820
9467
553
1784
7034
4271
6225
9669
9567
2542
1976
8054
667
9081
6280
2381
4298
2598
2981
7278
4168
8104
2380
6438
5201
3389
3215
6816
7163
9993
9326
5942
5519
1637
1108
6087
7324
3287
279
685
5226
9361
9469
9675
2143
409
8846
4553
308
7851
3598
8255
5093
5025
1080
1747
5626
9037
393
7346
6440
4012
3825
5296
471
2971
5498
49
2290
9399
6838
8483
9392
374
826
2065
7829
3206
2940
9000
4471
9784
9678
4551
4785
124
6408
2185
1354
2988
3303
2642
4787
9704
471
6987
1635
2277
7201
1181
9251
837
3045
5472
7928
2148
119
3985
7315
8519
4969
3364
2523
69
5995
2447
9685
4611
8613
7970
6409
3824
2001
6615
6228
4709
2392
2846
7596
4091
9523
4534
2695
3481
6718
9674
7483
2516
9547
1729
7364
9509
4781
1972
2054
4409
7151
1293
2328
6268
1383
468
61
1394
830
713
4722
6011
1693
9697
6649
4212
1126
6529
1511
2557
7416
6875
2720
5038
8368
203
9133
9752
9503
1376
5907
8701
8640
9051
723
527
150
4345
2368
4042
9496
7761
1397
8241
6684
8284
6178
9705
8804
3895
59
6471
9210
6778
7391
2842
2269
9078
952
7703
1401
3745
471
5641
5784
8448
4509
6006
9322
7113
5242
5839
5829
8118
1782
911
190
8808
4352
6129
9171
897
8794
207
6846
5776
7729
2015
5689
2170
8317
3932
8321
4541
157
6420
3725
821
6031
2359
2283
1274
306
4890
255
2447
8572
8415
1243
5388
7355
3077
4204
406
876
1935
9578
6947
9053
2678
2270
5296
1123
3884
3249
7614
8458
6263
1272
7808
3728
7962
8625
6022
8272
3331
3020
22
4400
23
7850
7135
4922
3101
8472
5598
1098
1933
2871
8365
4700
678
9938
2878
9202
6194
6447
6267
1352
6122
7057
4123
1513
5001
5220
3
7869
9026
5270
419
3529
5424
6997
4315
341
1089
4669
2721
6955
5361
3934
6484
8789
3128
1983
2414
6787
3300
4388
3260
3903
981
6768
317
465
1610
6844
8555
8609
1102
5203
6284
160
881
1875
6648
2148
6584
2548
3864
7576
2261
6181
2755
8992
6708
9819
1703
5277
827
2521
8041
9190
8783
2525
4478
7760
5270
5553
3701
6322
7184
1916
571
2892
5844
2956
3308
737
4235
2757
8649
2024
319
4773
5311
6534
2754
4687
4385
3241
6510
2500
3979
1077
7041
736
534
8815
1108
9610
4154
2091
8927
1562
4838
7493
9102
4151
2929
6209
1650
8536
2542
996
9336
3846
3441
7887
7705
3187
1637
3646
8503
6030
2200
6981
8994
8705
8253
677
3597
6257
8080
6081
6484
3955
8183
6900
7098
5582
8061
526
7700
5717
1310
7891
6759
976
4194
5841
962
7279
473
6629
1532
9951
2218
7869
9147
3560
2172
4795
393
1708
5873
942
8503
432
2773
1216
3918
1879
7946
896
9754
2723
2097
509
4917
1019
3000
3975
7653
1515
3751
2261
741
5615
5768
9957
500
5021
8202
2552
1264
1157
6308
1178
7664
8761
9385
7714
5763
1116
4048
8077
6444
3340
1280
8283
1018
2271
3053
6646
5242
3039
1862
5014
8923
8886
1275
8551
7317
936
7023
2501
857
8770
3153
1004
5142
998
3561
5297
6481
1411
7285
3616
3201
6711
6609
6116
9918
7540
5929
1769
1384
9891
3806
3761
8214
9068
3849
1432
7893
4512
691
7593
8701
460
9632
9260
610
7327
6687
5574
4799
6022
6962
5375
5650
7339
8910
545
5816
306
8194
5269
535
4399
3351
4542
1166
1672
828
8242
3485
6015
6030
7948
1971
8348
7353
4499
7771
3292
8754
1784
1558
5483
144
3698
3447
2322
2078
2505
3329
8561
7569
9396
113
9787
8410
3331
5210
6724
699
1100
2148
6603
8473
8087
2725
760
2917
4360
6059
9796
1754
7103
5246
9307
5046
8017
3048
5810
4777
2869
4721
2040
6767
1646
4332
1871
6125
507
7123
3223
4174
1215
436
30
986
2465
5128
6073
2379
4500
1704
4801
9055
1876
1998
3214
4876
5781
1100
1157
9815
6908
8831
1153
9651
5834
8673
9058
7786
843
9633
9144
