1000
838
758
113
515
51
627
10
419
212
86
749
767
84
60
225
543
89
183
137
566
966
978
495
311
367
54
31
145
882
736
524
505
394
102
851
67
754
653
561
96
628
188
85
143
967
406
165
403
562
834
353
920
444
803
962
318
422
327
457
945
479
983
751
894
670
259
248
757
629
306
606
990
738
516
414
262
116
825
181
134
343
22
233
536
760
979
71
201
336
61
160
5
729
644
475
693
514
139
88
521
202
171
434
317
582
815
586
653
306
174
451
448
473
434
193
110
748
210
320
49
956
162
166
997
793
310
391
799
926
905
885
582
610
0
52
965
120
380
639
204
385
475
725
265
214
471
376
697
543
297
619
87
123
549
65
256
973
901
613
157
899
267
413
598
526
711
46
566
536
988
878
626
273
387
171
17
752
388
191
483
122
744
528
585
363
159
641
176
575
578
363
685
344
489
713
511
461
626
645
496
703
270
870
529
499
500
607
808
725
457
542
474
531
222
952
24
894
15
247
276
278
365
746
976
92
851
88
163
231
233
732
106
411
874
448
344
589
574
191
789
695
735
364
40
892
35
979
92
850
390
195
668
531
989
281
902
970
186
571
680
261
187
529
190
446
233
708
863
681
1
499
786
214
829
322
907
628
192
505
990
129
875
829
591
388
42
833
775
719
342
994
392
509
313
677
282
511
795
474
469
750
879
989
134
752
364
880
629
235
332
145
356
243
79
988
807
979
357
914
187
540
22
149
609
9
833
696
432
999
863
369
676
77
701
691
840
703
515
229
420
817
264
324
343
462
929
546
43
967
325
683
634
322
642
395
612
864
910
985
126
988
685
978
50
476
365
126
193
681
11
58
249
247
731
650
774
980
833
868
778
624
115
645
892
408
939
285
202
18
334
58
62
784
901
684
289
141
702
853
458
528
363
87
52
235
109
75
755
675
288
53
157
758
222
488
945
294
200
171
305
951
601
608
214
377
865
369
215
30
177
849
337
699
99
531
517
567
479
966
597
885
341
227
149
785
615
476
753
236
730
668
210
519
608
142
999
449
246
638
941
481
726
738
47
947
300
639
996
866
785
571
356
633
289
551
312
426
357
56
252
410
384
353
29
579
882
882
577
368
502
902
12
365
379
256
244
870
365
619
665
293
441
484
759
400
211
144
335
704
520
789
121
913
571
369
770
594
887
93
317
188
640
295
490
859
106
786
97
62
943
247
292
846
962
479
584
352
44
695
498
714
737
346
482
64
946
822
265
868
792
990
561
959
917
754
104
745
347
825
980
338
465
490
541
599
97
677
510
347
667
316
673
163
647
817
965
871
485
846
937
241
861
670
166
879
445
407
638
113
101
516
14
898
452
117
364
926
465
845
32
696
585
455
92
288
755
167
412
30
717
842
572
393
828
805
660
838
46
182
772
354
377
885
759
934
903
159
145
45
847
401
783
167
781
287
347
402
964
711
637
693
417
937
313
541
528
19
618
716
402
270
242
468
45
602
286
559
674
146
19
243
197
870
908
448
327
485
622
890
883
943
201
701
682
524
895
276
798
511
522
311
209
359
912
759
148
683
877
571
334
331
324
577
635
663
61
451
544
984
693
975
519
472
641
349
391
563
184
958
41
666
363
344
410
635
6
68
660
562
323
764
307
773
683
13
216
834
571
241
303
754
928
417
48
18
931
621
209
669
98
555
662
444
109
760
574
544
339
610
189
549
320
81
264
22
847
521
628
552
278
873
29
489
359
352
279
717
560
189
583
795
687
339
935
988
703
958
212
567
553
368
47
68
611
154
429
895
393
908
960
169
462
323
929
149
305
149
724
584
224
413
281
389
357
887
532
555
299
490
460
911
183
704
412
961
382
608
811
168
794
286
771
844
684
255
227
960
448
86
526
211
131
645
552
627
110
149
828
48
559
668
167
50
588
746
929
410
791
985
737
952
576
375
485
922
941
557
700
408
826
213
301
680
161
390
500
716
768
79
599
949
357
421
804
717
490
228
112
16
512
751
15
553
164
200
464
859
212
806
444
710
377
417
994
341
706
839
707
593
820
236
254
688
3
203
788
915
199
424
408
490
655
593
310
72
38
87
697
526
448
497
802
649
555
891
20
267
366
408
848
762
42
252
440
810
626
88
158
370
156
213
434
193
541
887
766
112
574
206
418
373
113
582
670
202
714
897
731
105
253
201
608
918
338
64
366
970
723
907
202
379
626
779
206
365
539
233
614
999
205
28
186
29
343
237
497
377
564
540
808
152
918
11
693
790
740
446
15
473
604
